50 2000 0.0005
1.0 -1.73  0.85   0.12  -0.05
1.0 -0.73 0.85 0.05 -0.09
1.0 0.12 -0.44 -0.08 0.03
1.0 0.91 -0.66 0.02 -0.11
1.0 -0.52 -0.19 0.10 0.04
1.0 0.44 0.92 -0.07 0.06
1.0 -0.16 0.33 0.11 -0.02
1.0 0.88 0.41 -0.03 0.09
1.0 -0.39 -0.83 0.04 -0.07
1.0 0.57 -0.12 -0.09 0.02
1.0 -0.91 0.55 0.08 -0.05
1.0 0.21 0.73 -0.05 0.10
1.0 -0.68 -0.52 0.06 -0.04
1.0 0.77 -0.28 -0.04 -0.06
1.0 -0.25 0.17 0.02 0.03
1.0 0.34 -0.91 0.09 -0.08
1.0 -0.82 0.26 -0.10 0.07
1.0 0.49 0.15 -0.01 -0.09
1.0 -0.57 -0.73 0.03 0.11
1.0 0.66 0.88 -0.06 -0.03
1.0 -0.11 -0.25 0.02 -0.01
1.0 0.93 -0.47 -0.11 0.05
1.0 -0.29 0.62 0.03 -0.08
1.0 0.15 -0.84 -0.04 0.12
1.0 -0.94 0.33 0.09 0.02
1.0 0.53 0.51 -0.08 -0.04
1.0 -0.75 -0.31 0.04 -0.06
1.0 0.28 0.94 -0.03 0.07
1.0 -0.12 -0.61 0.10 -0.05
1.0 0.85 0.23 -0.09 -0.02
1.0 -0.44 0.79 0.02 0.08
1.0 0.73 -0.54 -0.11 0.04
1.0 -0.61 0.14 0.07 -0.09
1.0 0.19 -0.71 0.03 0.11
1.0 -0.87 0.48 -0.05 0.03
1.0 0.42 -0.33 -0.02 -0.04
1.0 -0.93 -0.21 0.12 0.01
1.0 0.31 0.68 -0.06 0.03
1.0 -0.76 -0.57 0.04 -0.10
1.0 0.64 0.34 -0.03 -0.09
1.0 -0.55 0.92 0.11 -0.02
1.0 0.09 -0.18 -0.01 0.02
1.0 -0.49 0.23 0.06 -0.01
1.0 0.37 -0.75 -0.07 0.05
1.0 -0.81 0.67 0.08 -0.08
1.0 0.25 0.11 -0.05 0.05
1.0 -0.14 -0.94 0.12 0.04
1.0 0.91 0.58 -0.02 -0.07
1.0 -0.33 -0.49 0.04 0.06
1.0 0.58 0.02 -0.04 -0.02