PRIMA SOLUZIONE VALIDA REDUCED (G=1)

0 1 0 0 0 0
1 1 12.9301 8.15594 1.34781 0.888453
2 1 -12.9301 -8.15594 -1.34781 -0.888453


PRIMA SOLUZIONE VALIDA REDUCED (G=6.673e-11)

0 1 0 0 0 0
1 1 1 5 1.63999e-10 0.5
2 1 -1 -5 -1.63999e-10 -0.5

STRESS TEST 1 REDUCED (masse piccole)

0 1 0 0 0 0
1 1 0.00241525 0 0.00126915 0
2 1 -0.00241525 0 -0.00126915 0

STRESS TEST 2 REDUCED (massa grande con pianeti)

0 1000 0 0 0 0
1 1 36.3735 -19.8473 15.7382 -7.78246
2 1 -36.3735 19.8473 -15.7382 7.78246

STRESS TEST 3 (alte velocità)

0 1 0 0 0 0
1 1 0.980912 149.982 -0.0128122 99.9876
2 1 -0.980912 -149.982 0.0128122 -99.9876

STRESS TEST 5 REDUCED (cluster + outlier) G=0.01

0 1 -0.000375387 4.69476e-05 -3.37776e-05 3.04909e-05
1 1 -18.929 7.33901e-06 -5.04978 2.51127e-06
2 1 18.9304 0.00173742 5.05012 0.000634651
3 1 4.87508e-06 -18.9335 7.3559e-06 -5.05099
4 1 2.49577e-05 18.9335 1.5821e-05 5.05098
5 0.1 4.98939 1.98221 -0.00334673 0.493386

STRESS TEST 5 REDUCED (cluster + outlier) G=0.001

0 1 -2.01311 0.0723333 -0.629093 0.0226049
1 1 -168.942 0.0143525 -52.7959 0.00448514
2 1 171.889 0.0141143 53.7166 0.00441094
3 1 -0.466631 -173.837 -0.145822 -54.3253
4 1 -0.466675 173.736 -0.145836 54.2938
5 0.1 4.99924 1.9997 -0.000254605 0.499895

STRESS TEST 4 REDUCED (tante particelle) G=0.001

0 1 0.505702 0.11034 -0.0032011 0.306106
1 1 0.0750977 0.671361 0.203268 0.140732
2 1 6.09018 24.0107 7.6874 27.4137
3 1 -0.569713 0.121083 -0.325385 -0.688323
4 1 0.0403577 -0.800118 0.104861 0.342914
5 1 -0.114133 -0.269501 0.0483464 -0.488394
6 1 -0.265538 -0.0739924 -0.0118866 -0.476355
7 1 1.15865 0.0668839 0.106698 -0.461374
8 1 -0.988063 -0.239866 -0.255909 0.474408
9 1 0.978211 0.591517 0.439607 0.331253
10 1 -0.141551 -0.133399 -0.503092 0.0893951
11 1 0.75605 -1.04423 -0.120247 -0.274724
12 1 0.791187 -1.89723 0.65069 -3.04219
13 1 -0.680354 -0.574471 0.0420346 -0.701992
14 1 -0.0457546 0.938986 -0.099523 0.33878
15 1 -0.649449 0.698386 -0.187442 0.197513
16 1 -0.275723 -0.500907 0.384511 -0.0516212
17 1 0.0568621 -0.825097 -0.0695145 -0.174282
18 1 0.689436 0.715096 -0.335737 -0.352244
19 1 0.239581 -0.72093 0.168048 -0.241085
20 1 0.296202 0.705168 0.366977 0.00167929
21 1 0.795308 0.91044 0.123155 0.3994
22 1 -0.251805 -0.23464 0.192157 -0.169723
23 1 -0.181838 -0.506935 -0.365102 0.361819
24 1 -0.575583 0.87084 -0.238639 0.252186
25 1 0.218277 1.57831 4.94195 4.50675
26 1 -0.192851 -0.186084 0.0126272 0.518793
27 1 0.309989 0.757571 0.120646 0.371488
28 1 -0.110566 -0.731585 0.124961 0.247978
29 1 0.359593 -0.179201 0.0979509 0.261832
30 1 -0.443665 0.00722627 -0.233502 0.31426
31 1 0.76965 -0.386582 1.40353 -0.702966
32 1 0.0135078 -0.138537 0.157379 -0.507063
33 1 1.20022 -0.728363 0.159779 -0.403732
34 1 -0.636328 0.539683 0.316404 -0.288986
35 1 -1.03072 0.161136 0.0782893 -0.442073
36 1 -2.49757 -0.42 -5.53846 -3.18987
37 1 -0.157665 0.129932 0.153995 0.382467
38 1 0.21499 0.558537 -0.294474 -0.393194
39 1 -0.114627 -0.154631 0.155933 0.100476
40 1 -1.05832 0.51503 -0.0847636 0.217759
41 1 -0.0498464 -0.415044 -0.249219 -0.186887
42 1 -0.902634 0.311252 -0.432535 0.895942
43 1 1.10602 0.426936 2.58792 1.99304
44 1 -0.432563 0.683839 -0.319353 0.225016
45 1 -0.536872 -0.226905 -1.12443 -0.294522
46 1 0.899882 0.546615 -0.0898487 -0.284992
47 1 -0.251067 -0.387824 -0.44989 -0.222375
48 1 0.361354 0.560788 -0.0764495 -0.161117
49 1 0.784265 1.78113 0.498089 2.90051
50 1 -0.400893 -0.672183 0.476863 0.210105
51 1 -1.34846 0.992012 -1.61683 0.270884
52 1 0.59547 -0.495295 -0.425694 -0.117397
53 1 -0.715061 -0.493346 -0.419616 -0.759636
54 1 3.15895 -1.04152 5.33637 -2.32942
55 1 -0.410391 0.180559 0.644931 0.0410028
56 1 -0.208381 0.161488 -0.342271 -0.0748356
57 1 0.204874 -0.840597 -0.403671 -0.150228
58 1 -0.901638 -0.485826 0.123144 -0.0410723
59 1 -0.240861 0.716406 -0.104536 0.259809
60 1 -0.807992 0.0761187 0.193194 -0.575621
61 1 -0.49423 -0.0199144 0.287999 -0.00273206
62 1 -0.891275 0.168747 0.0781762 -0.021961
63 1 -0.667712 0.701282 -0.269575 -0.263383
64 1 0.481603 0.309151 0.0774533 -0.559013
65 1 -0.689842 -0.0956941 -0.455833 -0.18968
66 1 -0.153146 0.950266 0.366895 -0.0865037
67 1 -0.152896 1.13075 0.166945 0.304692
68 1 0.866053 -0.580706 -0.191421 0.105962
69 1 0.0545502 0.0237448 0.920664 0.495453
70 1 0.292469 1.11717 -0.0111226 0.0354061
71 1 0.720972 -0.103997 0.0617021 0.400381
72 1 -0.138731 0.993264 0.0747263 -0.121694
73 1 0.428719 -0.550139 0.473185 0.386232
74 1 -0.77209 -0.779273 0.0332566 0.158387
75 1 0.0458022 -0.870738 0.128257 0.0333642
76 1 -0.102165 0.951954 0.641035 1.01335
77 1 0.163929 0.543922 0.0637298 -0.457225
78 1 -1.17767 0.818321 -0.184656 0.0256851
79 1 -1.00689 0.727828 -0.0138755 -0.0412156
80 1 -0.155225 0.669561 0.340644 6.3583
81 1 0.527195 1.19976 0.0729321 0.365098
82 1 0.121983 -0.694289 0.357939 0.248788
83 1 -0.0649479 0.919076 -0.722897 -0.0465156
84 1 -0.175978 -0.634095 0.142799 -0.319617
85 1 -0.279695 0.691875 -0.0215588 0.517812
86 1 -0.0770714 -0.437462 1.80778 0.979141
87 1 0.495267 0.446046 0.0270519 -0.0379905
88 1 -0.248824 1.15803 -0.827447 0.767764
89 1 -0.360873 -0.323799 -0.154365 -0.379607
90 1 0.456589 0.449586 0.256302 0.0337535
91 1 -0.619126 0.202528 0.354034 -0.135008
92 1 0.903612 -1.02549 0.385496 -0.0446248
93 1 -0.486841 -0.974127 0.541903 -1.15917
94 1 -0.13607 0.270096 -0.214352 -0.547426
95 1 -0.600754 0.190908 0.0488375 0.463264
96 1 -0.0187531 -0.217321 0.395948 -0.0835774
97 1 -0.604241 -0.534167 0.51397 1.14968
98 1 -7.18725 -24.434 -7.33214 -27.3886
99 1 -0.925669 0.867732 0.00222851 0.176812
100 1 -0.692896 -0.607448 0.0906554 0.0345235
101 1 -0.868489 -0.0821961 -0.01517 -0.0158904
102 1 0.236473 2.71745 0.122964 2.79539
103 1 0.0816128 0.778905 -0.71625 -0.0269861
104 1 -0.269693 0.687836 -0.413938 -0.0471916
105 1 -0.245119 0.692031 -0.108584 -0.860639
106 1 0.150899 0.752883 -0.424924 -0.0275516
107 1 -0.18697 0.395383 -0.0646827 0.432145
108 1 0.564771 -1.09473 0.102175 -0.249007
109 1 -0.453035 0.340151 0.544735 0.348524
110 1 -0.0789959 0.460273 0.30594 -0.468179
111 1 -0.642513 -0.212222 0.167499 -0.261541
112 1 0.365263 0.809868 0.700246 -0.402331
113 1 -0.519788 -0.197142 -0.391826 -0.466363
114 1 0.679383 -0.657692 0.395586 0.0714164
115 1 0.242528 0.169608 0.273156 -0.00223938
116 1 -0.601063 0.0671496 0.0838391 0.350749
117 1 -0.939612 0.726826 0.00438938 -0.322068
118 1 0.754994 0.647577 0.462731 0.431763
119 1 0.137211 -0.48981 -0.0613781 -0.261215
120 1 -0.507599 -0.641186 0.410596 0.379335
121 1 -1.17428 0.0748109 -1.09282 0.0729565
122 1 -0.226462 0.0547856 -0.438117 0.0711845
123 1 -0.673702 -1.06328 0.193428 -1.30384
124 1 -0.376221 0.0118294 0.13211 0.150953
125 1 -0.397905 -0.40223 0.263493 0.455478
126 1 0.943748 0.995724 0.361079 -0.142862
127 1 0.68861 0.5745 -0.00749272 -0.325499
128 1 1.08044 0.820906 0.00696226 0.0961541
129 1 0.759903 -0.681983 0.141179 -0.258025
130 1 0.28337 -0.0864845 0.145041 0.475648
131 1 -0.677988 0.594946 0.366323 0.223086
132 1 0.817728 0.0484321 0.182215 0.382729
133 1 0.571119 0.449286 -0.306893 -0.0724296
134 1 -0.10364 -1.3306 -0.490199 -0.28111
135 1 -0.557914 0.996819 0.0271052 0.444272
136 1 1.24438 -0.333269 0.25752 -0.275061
137 1 0.51777 -0.800249 0.132203 -0.0586799
138 1 0.337996 0.188231 -0.468588 0.35077
139 1 -0.0139775 -0.374591 0.236597 -0.095706
140 1 0.574051 0.402875 -0.162887 -0.852932
141 1 -0.986197 0.876054 -0.400581 0.331025
142 1 -0.571437 0.837209 -0.255647 0.996268
143 1 1.08996 -0.155729 0.238698 0.117645
144 1 0.0395075 -0.976831 -0.864284 -2.48602
145 1 -0.413826 0.621125 0.461259 -0.355843
146 1 -1.33857 -0.617957 -0.323617 0.344772
147 1 0.583832 0.658684 -0.222202 -0.0348363
148 1 0.500554 0.519999 -0.107105 0.371637
149 1 0.218744 0.263782 -0.13781 0.287683
150 1 -0.828498 -0.748532 0.292248 0.0834607
151 1 -0.376163 0.671186 0.402443 -0.319896
152 1 -0.0126307 0.298389 -0.834033 -0.0144911
153 1 -0.162722 0.001335 0.229314 -7.4427
154 1 0.839412 1.28836 0.180188 0.347012
155 1 -0.273113 -1.09337 -0.0842963 -0.265773
156 1 0.688903 -0.0221089 -0.154739 -0.157239
157 1 -0.993317 0.328134 0.257081 -0.0121619
158 1 -0.0157143 0.313185 -0.0930749 -0.116264
159 1 0.0935436 -0.549337 -0.0267674 -0.167733
160 1 -0.741952 0.232935 0.0637366 0.698615
161 1 -1.48569 0.169683 -1.44604 -0.0976938
162 1 0.327026 0.856345 0.480224 0.0411087
163 1 0.716371 0.665671 0.613475 0.0408488
164 1 -0.400126 0.343917 -0.0445677 -0.119494
165 1 0.674531 0.524944 -0.237939 -0.103143
166 1 0.232196 -1.31047 -0.361189 -2.03842
167 1 0.360656 -0.366135 -0.381415 -0.256322
168 1 0.608335 0.443898 -0.0925209 0.0586569
169 1 0.225848 -0.920157 0.0510447 -0.125575
170 1 -0.77064 0.647198 -0.113959 1.05194
171 1 0.50737 -0.308 -0.192397 0.387269
172 1 -0.037748 0.264387 -0.205239 0.461971
173 1 -0.428717 -0.10669 0.540812 -0.560558
174 1 -0.773971 0.526933 -0.214413 0.0668306
175 1 -0.0814158 0.565276 -0.179945 -0.287763
176 1 -0.0021534 0.429682 -0.352018 -0.189143
177 1 0.365023 -0.0165773 -0.0445068 -0.244869
178 1 0.902274 0.765604 -0.0689527 0.0794558
179 1 -0.154072 0.216189 -0.138705 -0.00123589
180 1 0.881777 -0.860866 0.142025 -1.31644
181 1 -0.161457 0.0192008 0.288473 0.147562
182 1 -0.80413 0.113094 0.0512873 0.347787
183 1 0.270411 1.05537 -0.271426 0.119153
184 1 -0.536741 0.0812125 0.162358 -0.219133
185 1 0.409923 -0.896829 -0.52262 0.0943006
186 1 -0.401587 2.00442 -0.0529621 1.5923
187 1 -0.507028 -0.678458 0.0414622 -0.297605
188 1 -0.318523 -1.36261 0.149719 -1.06437
189 1 0.866001 0.376452 0.616924 -0.343556
190 1 -0.588566 0.943514 0.344509 -0.171166
191 1 -0.150471 -0.289415 -0.111119 -0.200797
192 1 -0.129749 -0.451591 -2.12454 -0.304866
193 1 -0.408668 0.917458 0.0439392 0.08441
194 1 -0.0389627 -0.7274 -0.19238 -0.329814
195 1 0.269957 -0.772986 -0.448557 0.185618
196 1 0.101399 0.910106 -0.349263 0.403682
197 1 -0.960947 0.487763 0.0592077 -0.565388
198 1 -2.58427 1.4098 -5.30028 2.26463
199 1 0.834152 0.590373 -0.15455 0.472425

STRESS TEST 4 REDUCED (tante particelle) G=1

0 1 0.505702 0.11034 -0.0032011 0.306106
1 1 0.0750977 0.671361 0.203268 0.140732
2 1 6.09018 24.0107 7.6874 27.4137
3 1 -0.569713 0.121083 -0.325385 -0.688323
4 1 0.0403577 -0.800118 0.104861 0.342914
5 1 -0.114133 -0.269501 0.0483464 -0.488394
6 1 -0.265538 -0.0739924 -0.0118866 -0.476355
7 1 1.15865 0.0668839 0.106698 -0.461374
8 1 -0.988063 -0.239866 -0.255909 0.474408
9 1 0.978211 0.591517 0.439607 0.331253
10 1 -0.141551 -0.133399 -0.503092 0.0893951
11 1 0.75605 -1.04423 -0.120247 -0.274724
12 1 0.791187 -1.89723 0.65069 -3.04219
13 1 -0.680354 -0.574471 0.0420346 -0.701992
14 1 -0.0457546 0.938986 -0.099523 0.33878
15 1 -0.649449 0.698386 -0.187442 0.197513
16 1 -0.275723 -0.500907 0.384511 -0.0516212
17 1 0.0568621 -0.825097 -0.0695145 -0.174282
18 1 0.689436 0.715096 -0.335737 -0.352244
19 1 0.239581 -0.72093 0.168048 -0.241085
20 1 0.296202 0.705168 0.366977 0.00167929
21 1 0.795308 0.91044 0.123155 0.3994
22 1 -0.251805 -0.23464 0.192157 -0.169723
23 1 -0.181838 -0.506935 -0.365102 0.361819
24 1 -0.575583 0.87084 -0.238639 0.252186
25 1 0.218277 1.57831 4.94195 4.50675
26 1 -0.192851 -0.186084 0.0126272 0.518793
27 1 0.309989 0.757571 0.120646 0.371488
28 1 -0.110566 -0.731585 0.124961 0.247978
29 1 0.359593 -0.179201 0.0979509 0.261832
30 1 -0.443665 0.00722627 -0.233502 0.31426
31 1 0.76965 -0.386582 1.40353 -0.702966
32 1 0.0135078 -0.138537 0.157379 -0.507063
33 1 1.20022 -0.728363 0.159779 -0.403732
34 1 -0.636328 0.539683 0.316404 -0.288986
35 1 -1.03072 0.161136 0.0782893 -0.442073
36 1 -2.49757 -0.42 -5.53846 -3.18987
37 1 -0.157665 0.129932 0.153995 0.382467
38 1 0.21499 0.558537 -0.294474 -0.393194
39 1 -0.114627 -0.154631 0.155933 0.100476
40 1 -1.05832 0.51503 -0.0847636 0.217759
41 1 -0.0498464 -0.415044 -0.249219 -0.186887
42 1 -0.902634 0.311252 -0.432535 0.895942
43 1 1.10602 0.426936 2.58792 1.99304
44 1 -0.432563 0.683839 -0.319353 0.225016
45 1 -0.536872 -0.226905 -1.12443 -0.294522
46 1 0.899882 0.546615 -0.0898487 -0.284992
47 1 -0.251067 -0.387824 -0.44989 -0.222375
48 1 0.361354 0.560788 -0.0764495 -0.161117
49 1 0.784265 1.78113 0.498089 2.90051
50 1 -0.400893 -0.672183 0.476863 0.210105
51 1 -1.34846 0.992012 -1.61683 0.270884
52 1 0.59547 -0.495295 -0.425694 -0.117397
53 1 -0.715061 -0.493346 -0.419616 -0.759636
54 1 3.15895 -1.04152 5.33637 -2.32942
55 1 -0.410391 0.180559 0.644931 0.0410028
56 1 -0.208381 0.161488 -0.342271 -0.0748356
57 1 0.204874 -0.840597 -0.403671 -0.150228
58 1 -0.901638 -0.485826 0.123144 -0.0410723
59 1 -0.240861 0.716406 -0.104536 0.259809
60 1 -0.807992 0.0761187 0.193194 -0.575621
61 1 -0.49423 -0.0199144 0.287999 -0.00273206
62 1 -0.891275 0.168747 0.0781762 -0.021961
63 1 -0.667712 0.701282 -0.269575 -0.263383
64 1 0.481603 0.309151 0.0774533 -0.559013
65 1 -0.689842 -0.0956941 -0.455833 -0.18968
66 1 -0.153146 0.950266 0.366895 -0.0865037
67 1 -0.152896 1.13075 0.166945 0.304692
68 1 0.866053 -0.580706 -0.191421 0.105962
69 1 0.0545502 0.0237448 0.920664 0.495453
70 1 0.292469 1.11717 -0.0111226 0.0354061
71 1 0.720972 -0.103997 0.0617021 0.400381
72 1 -0.138731 0.993264 0.0747263 -0.121694
73 1 0.428719 -0.550139 0.473185 0.386232
74 1 -0.77209 -0.779273 0.0332566 0.158387
75 1 0.0458022 -0.870738 0.128257 0.0333642
76 1 -0.102165 0.951954 0.641035 1.01335
77 1 0.163929 0.543922 0.0637298 -0.457225
78 1 -1.17767 0.818321 -0.184656 0.0256851
79 1 -1.00689 0.727828 -0.0138755 -0.0412156
80 1 -0.155225 0.669561 0.340644 6.3583
81 1 0.527195 1.19976 0.0729321 0.365098
82 1 0.121983 -0.694289 0.357939 0.248788
83 1 -0.0649479 0.919076 -0.722897 -0.0465156
84 1 -0.175978 -0.634095 0.142799 -0.319617
85 1 -0.279695 0.691875 -0.0215588 0.517812
86 1 -0.0770714 -0.437462 1.80778 0.979141
87 1 0.495267 0.446046 0.0270519 -0.0379905
88 1 -0.248824 1.15803 -0.827447 0.767764
89 1 -0.360873 -0.323799 -0.154365 -0.379607
90 1 0.456589 0.449586 0.256302 0.0337535
91 1 -0.619126 0.202528 0.354034 -0.135008
92 1 0.903612 -1.02549 0.385496 -0.0446248
93 1 -0.486841 -0.974127 0.541903 -1.15917
94 1 -0.13607 0.270096 -0.214352 -0.547426
95 1 -0.600754 0.190908 0.0488375 0.463264
96 1 -0.0187531 -0.217321 0.395948 -0.0835774
97 1 -0.604241 -0.534167 0.51397 1.14968
98 1 -7.18725 -24.434 -7.33214 -27.3886
99 1 -0.925669 0.867732 0.00222851 0.176812
100 1 -0.692896 -0.607448 0.0906554 0.0345235
101 1 -0.868489 -0.0821961 -0.01517 -0.0158904
102 1 0.236473 2.71745 0.122964 2.79539
103 1 0.0816128 0.778905 -0.71625 -0.0269861
104 1 -0.269693 0.687836 -0.413938 -0.0471916
105 1 -0.245119 0.692031 -0.108584 -0.860639
106 1 0.150899 0.752883 -0.424924 -0.0275516
107 1 -0.18697 0.395383 -0.0646827 0.432145
108 1 0.564771 -1.09473 0.102175 -0.249007
109 1 -0.453035 0.340151 0.544735 0.348524
110 1 -0.0789959 0.460273 0.30594 -0.468179
111 1 -0.642513 -0.212222 0.167499 -0.261541
112 1 0.365263 0.809868 0.700246 -0.402331
113 1 -0.519788 -0.197142 -0.391826 -0.466363
114 1 0.679383 -0.657692 0.395586 0.0714164
115 1 0.242528 0.169608 0.273156 -0.00223938
116 1 -0.601063 0.0671496 0.0838391 0.350749
117 1 -0.939612 0.726826 0.00438938 -0.322068
118 1 0.754994 0.647577 0.462731 0.431763
119 1 0.137211 -0.48981 -0.0613781 -0.261215
120 1 -0.507599 -0.641186 0.410596 0.379335
121 1 -1.17428 0.0748109 -1.09282 0.0729565
122 1 -0.226462 0.0547856 -0.438117 0.0711845
123 1 -0.673702 -1.06328 0.193428 -1.30384
124 1 -0.376221 0.0118294 0.13211 0.150953
125 1 -0.397905 -0.40223 0.263493 0.455478
126 1 0.943748 0.995724 0.361079 -0.142862
127 1 0.68861 0.5745 -0.00749272 -0.325499
128 1 1.08044 0.820906 0.00696226 0.0961541
129 1 0.759903 -0.681983 0.141179 -0.258025
130 1 0.28337 -0.0864845 0.145041 0.475648
131 1 -0.677988 0.594946 0.366323 0.223086
132 1 0.817728 0.0484321 0.182215 0.382729
133 1 0.571119 0.449286 -0.306893 -0.0724296
134 1 -0.10364 -1.3306 -0.490199 -0.28111
135 1 -0.557914 0.996819 0.0271052 0.444272
136 1 1.24438 -0.333269 0.25752 -0.275061
137 1 0.51777 -0.800249 0.132203 -0.0586799
138 1 0.337996 0.188231 -0.468588 0.35077
139 1 -0.0139775 -0.374591 0.236597 -0.095706
140 1 0.574051 0.402875 -0.162887 -0.852932
141 1 -0.986197 0.876054 -0.400581 0.331025
142 1 -0.571437 0.837209 -0.255647 0.996268
143 1 1.08996 -0.155729 0.238698 0.117645
144 1 0.0395075 -0.976831 -0.864284 -2.48602
145 1 -0.413826 0.621125 0.461259 -0.355843
146 1 -1.33857 -0.617957 -0.323617 0.344772
147 1 0.583832 0.658684 -0.222202 -0.0348363
148 1 0.500554 0.519999 -0.107105 0.371637
149 1 0.218744 0.263782 -0.13781 0.287683
150 1 -0.828498 -0.748532 0.292248 0.0834607
151 1 -0.376163 0.671186 0.402443 -0.319896
152 1 -0.0126307 0.298389 -0.834033 -0.0144911
153 1 -0.162722 0.001335 0.229314 -7.4427
154 1 0.839412 1.28836 0.180188 0.347012
155 1 -0.273113 -1.09337 -0.0842963 -0.265773
156 1 0.688903 -0.0221089 -0.154739 -0.157239
157 1 -0.993317 0.328134 0.257081 -0.0121619
158 1 -0.0157143 0.313185 -0.0930749 -0.116264
159 1 0.0935436 -0.549337 -0.0267674 -0.167733
160 1 -0.741952 0.232935 0.0637366 0.698615
161 1 -1.48569 0.169683 -1.44604 -0.0976938
162 1 0.327026 0.856345 0.480224 0.0411087
163 1 0.716371 0.665671 0.613475 0.0408488
164 1 -0.400126 0.343917 -0.0445677 -0.119494
165 1 0.674531 0.524944 -0.237939 -0.103143
166 1 0.232196 -1.31047 -0.361189 -2.03842
167 1 0.360656 -0.366135 -0.381415 -0.256322
168 1 0.608335 0.443898 -0.0925209 0.0586569
169 1 0.225848 -0.920157 0.0510447 -0.125575
170 1 -0.77064 0.647198 -0.113959 1.05194
171 1 0.50737 -0.308 -0.192397 0.387269
172 1 -0.037748 0.264387 -0.205239 0.461971
173 1 -0.428717 -0.10669 0.540812 -0.560558
174 1 -0.773971 0.526933 -0.214413 0.0668306
175 1 -0.0814158 0.565276 -0.179945 -0.287763
176 1 -0.0021534 0.429682 -0.352018 -0.189143
177 1 0.365023 -0.0165773 -0.0445068 -0.244869
178 1 0.902274 0.765604 -0.0689527 0.0794558
179 1 -0.154072 0.216189 -0.138705 -0.00123589
180 1 0.881777 -0.860866 0.142025 -1.31644
181 1 -0.161457 0.0192008 0.288473 0.147562
182 1 -0.80413 0.113094 0.0512873 0.347787
183 1 0.270411 1.05537 -0.271426 0.119153
184 1 -0.536741 0.0812125 0.162358 -0.219133
185 1 0.409923 -0.896829 -0.52262 0.0943006
186 1 -0.401587 2.00442 -0.0529621 1.5923
187 1 -0.507028 -0.678458 0.0414622 -0.297605
188 1 -0.318523 -1.36261 0.149719 -1.06437
189 1 0.866001 0.376452 0.616924 -0.343556
190 1 -0.588566 0.943514 0.344509 -0.171166
191 1 -0.150471 -0.289415 -0.111119 -0.200797
192 1 -0.129749 -0.451591 -2.12454 -0.304866
193 1 -0.408668 0.917458 0.0439392 0.08441
194 1 -0.0389627 -0.7274 -0.19238 -0.329814
195 1 0.269957 -0.772986 -0.448557 0.185618
196 1 0.101399 0.910106 -0.349263 0.403682
197 1 -0.960947 0.487763 0.0592077 -0.565388
198 1 -2.58427 1.4098 -5.30028 2.26463
199 1 0.834152 0.590373 -0.15455 0.472425



PRIMO OUTPUT BASIC

0 1 -2.50738e-14 1.73955e-13 -1.6018e-13 2.28994e-13
1 1 0.936264 -0.947872 0.749638 0.47987
2 1 -0.936264 0.947872 -0.749638 -0.47987

STRESS TEST 1 BASIC (conservazione energia)

Energy step 0: -1.49972
Energy step 100: -1.46624
Energy step 200: -1.38112
Energy step 300: -1.28737
Energy step 400: -1.2607
Energy step 500: -1.24741
Energy step 600: -1.23367
Energy step 700: -1.2057
Energy step 800: -1.13844
Energy step 900: -1.0971

STRESS TEST 2 BASIC (dt=0.01)

Energy step 0: -1.49972
Energy step 100: -1.46624
Energy step 200: -1.38112
Energy step 300: -1.28737
Energy step 400: -1.2607
Energy step 500: -1.24741
Energy step 600: -1.23367
Energy step 700: -1.2057
Energy step 800: -1.13844
Energy step 900: -1.0971
Energy step 1000: -1.08412
Energy step 1100: -1.07709
Energy step 1200: -1.07083
Energy step 1300: -1.06225
Energy step 1400: -1.04298
Energy step 1500: -0.998197
Energy step 1600: -0.967095
Energy step 1700: -0.956786
Energy step 1800: -0.951864
Energy step 1900: -0.948294
0 1 -1.50407e-07 3.15874e-08 -1.61245e-07 -3.95718e-08
1 1 1.51725 0.584789 -0.381459 0.668699
2 1 -1.51725 -0.584789 0.381459 -0.668699

STRESS TEST 2 BAISC (dt=0.005)

Energy step 0: -1.49972
Energy step 100: -1.46624
Energy step 200: -1.38112
Energy step 300: -1.28737
Energy step 400: -1.2607
Energy step 500: -1.24741
Energy step 600: -1.23367
Energy step 700: -1.2057
Energy step 800: -1.13844
Energy step 900: -1.0971
Energy step 1000: -1.08412
Energy step 1100: -1.07709
Energy step 1200: -1.07083
Energy step 1300: -1.06225
Energy step 1400: -1.04298
Energy step 1500: -0.998197
Energy step 1600: -0.967095
Energy step 1700: -0.956786
Energy step 1800: -0.951864
Energy step 1900: -0.948294
0 1 -1.50407e-07 3.15874e-08 -1.61245e-07 -3.95718e-08
1 1 1.51725 0.584789 -0.381459 0.668699
2 1 -1.51725 -0.584789 0.381459 -0.668699

STRESS TEST 2 BASIC (dt=0.001)

Energy step 0: -1.5
Energy step 100: -1.49972
Energy step 200: -1.49943
Energy step 300: -1.49914
Energy step 400: -1.49884
Energy step 500: -1.49853
Energy step 600: -1.4982
Energy step 700: -1.49785
Energy step 800: -1.49748
Energy step 900: -1.49707
Energy step 1000: -1.49662
Energy step 1100: -1.49612
Energy step 1200: -1.49555
Energy step 1300: -1.49491
Energy step 1400: -1.49417
Energy step 1500: -1.49331
Energy step 1600: -1.49233
Energy step 1700: -1.49119
Energy step 1800: -1.4899
Energy step 1900: -1.48845
0 1 2.02205e-18 -1.77652e-18 5.11401e-19 -2.75926e-18
1 1 -0.64309 0.211725 -0.394903 -1.43167
2 1 0.64309 -0.211725 0.394903 1.43167

STRESS TEST 2 BASIC (dt=0.0005)

Energy step 0: -1.5
Energy step 100: -1.49993
Energy step 200: -1.49986
Energy step 300: -1.49979
Energy step 400: -1.49972
Energy step 500: -1.49964
Energy step 600: -1.49957
Energy step 700: -1.4995
Energy step 800: -1.49942
Energy step 900: -1.49934
Energy step 1000: -1.49927
Energy step 1100: -1.49918
Energy step 1200: -1.4991
Energy step 1300: -1.49902
Energy step 1400: -1.49893
Energy step 1500: -1.49883
Energy step 1600: -1.49874
Energy step 1700: -1.49864
Energy step 1800: -1.49853
Energy step 1900: -1.49842
0 1 2.09952e-20 -2.55465e-19 3.13383e-19 -4.05455e-19
1 1 0.407423 0.78223 -1.10842 0.328095
2 1 -0.407423 -0.78223 1.10842 -0.328095

STRESS TEST 2 BASIC (dt=0.0001)

Energy step 0: -1.5
Energy step 100: -1.5
Energy step 200: -1.49999
Energy step 300: -1.49999
Energy step 400: -1.49999
Energy step 500: -1.49999
Energy step 600: -1.49998
Energy step 700: -1.49998
Energy step 800: -1.49998
Energy step 900: -1.49997
Energy step 1000: -1.49997
Energy step 1100: -1.49997
Energy step 1200: -1.49997
Energy step 1300: -1.49996
Energy step 1400: -1.49996
Energy step 1500: -1.49996
Energy step 1600: -1.49995
Energy step 1700: -1.49995
Energy step 1800: -1.49995
Energy step 1900: -1.49995
0 1 -2.02152e-20 4.37886e-22 -8.7258e-20 1.76824e-20
1 1 0.975055 0.198333 -0.249154 0.97493
2 1 -0.975055 -0.198333 0.249154 -0.97493


STRESS TEST 3 BASIC (N=100)

Force compute time (ms): 0.038783


STRESS TEST 3 BASIC (N=300)

Force compute time (ms): 0.357034


STRESS TEST 3 BASIC (N=500)

Force compute time (ms): 0.57167


STRESS TEST 3 BASIC (N=800)

Force compute time (ms): 1.47099


STRESS TEST 3 BASIC (N=1000)

Force compute time (ms): 3.41775


STRESS TEST 3 BASIC (N=1500)

Force compute time (ms): 6.16264


STRESS TEST 3 BASIC (N=2000)

Force compute time (ms): 12.9293